Resultados com 0 ruídos:
[[ 1.  0. -0.  0. -0.  0. -0. -0. -0. -0.]
 [-0.  1. -0. -0.  0.  0.  0. -0. -0. -0.]
 [ 0. -0.  1.  0. -0. -0. -0.  0. -0.  0.]
 [ 0. -0. -0.  1.  0. -0.  0. -0.  0. -0.]
 [ 0. -0.  0. -0.  1. -0. -0.  0.  0. -0.]
 [ 0. -0.  0.  0. -0.  1. -0.  0.  0.  0.]
 [-0.  0. -0. -0.  0.  0.  1. -0.  0. -0.]
 [-0.  0. -0. -0.  0.  0.  0.  1.  0. -0.]
 [ 0. -0.  0.  0. -0. -0. -0.  0.  1.  0.]
 [-0.  0. -0. -0.  0.  0.  0. -0.  0.  1.]]

Resultados com 1 ruídos:
[[ 0.7116  0.3937 -0.377   0.2577 -0.2771  0.0315  0.1046 -0.0564  0.2359  0.1992]
 [ 0.016   0.9876  0.2438 -0.3349 -0.0962 -0.0045  0.1176  0.0231 -0.1912  0.2734]
 [ 0.4335  0.1735  1.0701 -0.2521  0.1828  0.1131 -0.3103  0.2074  0.0423 -0.0205]
 [ 0.1915  0.1544 -0.2848  1.1068  0.1225 -0.2113 -0.0135  0.1035 -0.0433  0.0052]
 [ 0.0661 -0.1491  0.2217  0.1792  0.731  -0.187  -0.0719 -0.1504 -0.0845 -0.2345]
 [ 0.0059 -0.0235 -0.2185  0.1603  0.165   0.7734 -0.0039  0.1383 -0.3184  0.461 ]
 [ 0.007   0.0455 -0.1564 -0.3176 -0.0147  0.2146  0.5734  0.3076  0.1417 -0.0288]
 [ 0.2391 -0.1039 -0.4309  0.1332 -0.2255 -0.0769 -0.0066  0.7849  0.1221  0.0177]
 [-0.1458 -0.2309  0.304  -0.1162 -0.128   0.2194 -0.0857 -0.0514  1.0746 -0.0293]
 [-0.1556  0.0818  0.4239 -0.1163  0.2737  0.0802 -0.0832  0.1715 -0.108   0.9398]]

Resultados com 2 ruídos:
[[ 0.5914 -0.0745  0.6813 -0.2776  0.2969 -0.1734 -0.067   0.2453  0.0661 -0.1924]
 [-0.1831  0.7792  0.1594 -0.4656 -0.0237 -0.1886  0.0156  0.1067  0.5104 -0.3464]
 [-0.1075  0.0536  1.0173 -0.0178  0.455  -0.3104 -0.3876 -0.0361  0.3898  0.0519]
 [ 0.0093 -0.0079 -0.4132  0.9243  0.1568 -0.2912 -0.1635  0.1622 -0.2772  0.2518]
 [ 0.2624 -0.0063 -0.1009 -0.3395  0.8288  0.3685 -0.8565  0.2512  0.5641 -0.083 ]
 [ 0.7718  0.0053  0.2671 -0.0767 -0.184   1.0378 -0.3594 -0.1266 -0.2001 -0.4174]
 [-0.4523  0.0597 -0.025   0.2203 -0.4354  0.4789  0.9009 -0.254   0.3612  0.0586]
 [ 0.6302  0.3915 -0.0095 -0.3334 -0.0534  0.218  -0.5099  0.92   -0.0994 -0.3649]
 [ 0.     -0.      0.      0.     -0.     -0.     -0.      0.      1.      0.    ]
 [ 0.0545 -0.0951  0.6524 -0.1957 -0.0993  0.4803  0.3343 -0.1542  0.0744  0.407 ]]

Resultados com 3 ruídos:
[[ 0.5279 -0.1346 -0.3962  0.8733  0.0462 -0.2217  0.4913  0.1613 -0.6566  0.3823]
 [ 0.0352  0.9462 -0.001  -0.3385 -0.2171  0.0641  0.0597  0.0663  0.3277 -0.2675]
 [ 0.0388 -0.3094  0.6928  0.1807 -0.2614 -0.0025  0.1586 -0.4966 -0.1252  0.2674]
 [-0.0848  0.217   0.2021  0.7261  0.2818 -0.1666 -0.3275 -0.2578  0.1161  0.1773]
 [-0.0362  0.0908  0.2821 -0.269   0.4714  0.1204 -0.2498  0.016   0.0494 -0.3933]
 [-0.1833  0.781  -0.3526  0.0855 -0.2959  0.7113  0.1106 -0.0203 -0.159  -0.2947]
 [ 0.0729  0.3157  0.1282 -0.5901  0.2446  0.1256  0.5353  0.6203 -0.0909 -0.155 ]
 [ 0.1657 -0.2863  0.205  -0.3914  0.0515 -0.0607 -0.5676  0.5892  0.5684 -0.2499]
 [-0.0926  0.1083 -0.0548 -0.398   0.2563 -0.7854 -0.0056  0.1963  0.96   -0.4562]
 [ 0.6787  0.104   0.2738 -0.0796  0.0843 -0.2699 -0.3772  0.1379 -0.1799  0.5228]]

