Resultados com 0 ruídos:
[[ 1. -0. -0. -0. -0. -0. -0.  0.  0.  0.]
 [-0.  1. -0. -0.  0. -0. -0.  0. -0. -0.]
 [-0.  0.  1.  0. -0.  0. -0.  0.  0.  0.]
 [-0. -0. -0.  1.  0. -0.  0.  0. -0.  0.]
 [-0. -0.  0. -0.  1.  0. -0.  0.  0.  0.]
 [-0.  0.  0.  0. -0.  1. -0.  0.  0.  0.]
 [-0. -0.  0.  0. -0.  0.  1.  0. -0.  0.]
 [ 0.  0.  0. -0.  0.  0.  0.  1. -0.  0.]
 [ 0.  0. -0.  0.  0. -0.  0. -0.  1. -0.]
 [ 0.  0. -0.  0. -0.  0.  0. -0. -0.  1.]]

Resultados com 1 ruídos:
[[ 0.8921  0.5555 -0.2663  0.1242  0.1217 -0.3548 -0.1032  0.1068 -0.0574  0.1118]
 [-0.1164  1.0072  0.3066 -0.1492 -0.0209 -0.0741  0.2868 -0.067  -0.3208  0.2358]
 [ 0.4214  0.0897  1.0701 -0.0113 -0.1816  0.0242 -0.0483 -0.0714 -0.0563 -0.1132]
 [ 0.3815  0.1417 -0.1236  0.9512 -0.1469 -0.013   0.151  -0.0609  0.3106 -0.1726]
 [ 0.2662 -0.0302  0.2421  0.2166  0.949   0.071  -0.2178  0.0312 -0.0663 -0.188 ]
 [ 0.3372  0.0519 -0.4115 -0.0317 -0.0224  0.8325 -0.0803  0.2719 -0.2385  0.5022]
 [ 0.1525  0.0091  0.0518 -0.2463 -0.1488  0.4091  0.4588  0.406   0.3105 -0.0267]
 [-0.0406 -0.0017 -0.1004  0.1777 -0.2354  0.0444  0.1109  1.0267 -0.0845  0.1081]
 [-0.335  -0.1875  0.1329  0.0023  0.1303  0.0804 -0.1638  0.0823  0.7091  0.1579]
 [ 0.0472 -0.0441  0.1249 -0.2173  0.22   -0.0361 -0.08    0.0049  0.0649  0.8105]]

Resultados com 2 ruídos:
[[ 0.8611 -0.2255  0.1316 -0.0248  0.3398 -0.3406  0.001  -0.0678 -0.0197 -0.0501]
 [-0.2351  0.7645  0.0954  0.01    0.2705 -0.3944  0.0933  0.2719  0.0411 -0.069 ]
 [ 0.0583  0.1191  1.0069  0.034   0.2384 -0.2783 -0.0508 -0.2629  0.1789  0.0049]
 [ 0.1959  0.0854 -0.2851  1.0106  0.0863 -0.0482 -0.2787  0.2741 -0.1691  0.4206]
 [ 0.1606  0.1044  0.0482 -0.2879  1.0587  0.3249 -0.7448  0.2062  0.5246 -0.1403]
 [ 0.5753 -0.0161  0.4583  0.16   -0.1712  0.9853 -0.2893 -0.0555 -0.2416 -0.3836]
 [-0.2935  0.4007 -0.2339  0.1303  0.2639 -0.2019  0.6921  0.1594 -0.3305  0.2842]
 [ 0.1306  0.3844 -0.0037 -0.1366  0.0454  0.1487 -0.1997  0.8127  0.0625 -0.2336]
 [ 0.      0.     -0.      0.      0.     -0.      0.     -0.      1.     -0.    ]
 [-0.2473 -0.0398  0.4432 -0.1215  0.2401  0.114   0.6027 -0.3818 -0.2316  0.3591]]

Resultados com 3 ruídos:
[[ 0.7805  0.042  -0.3705  0.7244 -0.0682 -0.4631  0.6938  0.2216 -0.4136  0.4381]
 [-0.1497  0.9122 -0.0033 -0.1969  0.0991 -0.1357  0.0776  0.3249  0.0843 -0.0731]
 [-0.0935 -0.1476  1.0068  0.2055  0.3057  0.0891  0.041  -0.0841 -0.0219  0.0834]
 [-0.1048  0.2374  0.3744  0.8597  0.1585  0.019   0.0423 -0.2393  0.0286  0.1053]
 [-0.3849  0.0254 -0.1041 -0.0665  1.2442 -0.0291 -0.4079  0.0836  0.1472 -0.1424]
 [-0.2018  0.9358 -0.3237 -0.0851  0.1876  0.6472 -0.0391  0.1239 -0.2462 -0.0663]
 [ 0.2742  0.1003  0.314  -0.5461 -0.1578  0.3485  0.5717  0.6813  0.231  -0.2311]
 [-0.1047 -0.0148  0.4494 -0.2367  0.6083  0.1109 -0.6351  0.6135  0.285  -0.242 ]
 [-0.1536 -0.0174  0.3248  0.261   0.0735 -0.2047  0.0495  0.1877  0.8233 -0.1408]
 [ 0.5994  0.1284  0.5405  0.1083 -0.3329 -0.0295 -0.0735  0.1837 -0.4295  0.473 ]]

