Resultados com 0 ruídos:
[[ 1. -0. -0. -0.  0.  0.  0.  0.  0.  0.]
 [-0.  1.  0.  0. -0.  0. -0.  0.  0. -0.]
 [-0.  0.  1. -0.  0. -0. -0.  0. -0.  0.]
 [-0. -0. -0.  1. -0.  0. -0.  0. -0. -0.]
 [ 0. -0. -0.  0.  1. -0. -0. -0.  0.  0.]
 [-0.  0.  0.  0. -0.  1. -0. -0. -0.  0.]
 [-0.  0.  0. -0.  0. -0.  1.  0.  0. -0.]
 [ 0. -0.  0. -0. -0.  0. -0.  1.  0. -0.]
 [ 0.  0.  0. -0. -0.  0.  0. -0.  1.  0.]
 [ 0. -0.  0. -0.  0.  0.  0.  0.  0.  1.]]

Resultados com 1 ruídos:
[[ 1.1263  0.567  -0.1762  0.0751 -0.0641 -0.0526 -0.1558 -0.2095  0.0618  0.198 ]
 [-0.2419  0.9451  0.3951 -0.1789 -0.1766  0.139   0.1199 -0.0219 -0.0574  0.2505]
 [ 0.0898  0.1052  1.0658 -0.0436 -0.0557  0.1807 -0.1921 -0.1096  0.1494 -0.1195]
 [-0.0016  0.0036  0.0203  0.8543  0.026   0.0761 -0.0576  0.1578  0.1118 -0.2294]
 [ 0.3668 -0.0935  0.22    0.0453  0.8634  0.0257  0.1131  0.044  -0.4206 -0.2093]
 [ 0.2708 -0.0733 -0.2517 -0.0897  0.159   0.7977 -0.0749  0.1759 -0.4884  0.3618]
 [ 0.1564 -0.0761 -0.0253 -0.4224 -0.0877  0.7156  0.5059  0.216   0.2814 -0.1225]
 [ 0.0206  0.0366 -0.0653  0.0338 -0.1616  0.1913 -0.0035  0.8868  0.0675  0.1326]
 [ 0.0067  0.0565 -0.0256  0.1327 -0.014  -0.092   0.1127 -0.1192  0.8212  0.2595]
 [-0.0105 -0.0842  0.0919  0.068   0.2049 -0.1296 -0.1058  0.0511 -0.0411  0.857 ]]

Resultados com 2 ruídos:
[[ 0.9342  0.0456  0.153  -0.1912  0.3224 -0.1055  0.2647  0.1126 -0.1845 -0.1518]
 [ 0.0037  1.0488  0.0508 -0.3926  0.1462 -0.089   0.56    0.2427  0.1132 -0.0804]
 [-0.1234  0.0079  1.2085 -0.1602  0.2988  0.3125 -0.114  -0.133   0.2755 -0.2417]
 [ 0.3079  0.2333 -0.2473  0.6007  0.1841 -0.3045 -0.1723 -0.0213 -0.4151  0.5088]
 [ 0.3096 -0.0753 -0.1187 -0.3081  0.9467  0.5352 -1.0766  0.1024  0.9671 -0.0284]
 [ 0.53    0.0514  0.3335  0.0034 -0.1591  1.1824 -0.1541 -0.1307 -0.2837 -0.4379]
 [ 0.2165  0.6331 -0.2042  0.2266 -0.081  -0.1814  0.8831 -0.3922 -0.0879  0.4243]
 [ 0.0728  0.2438 -0.0011 -0.1282 -0.099   0.3145 -0.485   0.9892  0.2052 -0.2296]
 [ 0.      0.      0.     -0.     -0.      0.      0.     -0.      1.      0.    ]
 [-0.0529 -0.0047  0.212   0.2093 -0.1846  0.1181  0.3467 -0.3291  0.1814  0.7446]]

Resultados com 3 ruídos:
[[ 0.5309  0.0273 -0.2718  0.5658  0.0805 -0.3954  0.4625  0.1484 -0.6173  0.4484]
 [ 0.0877  0.9657  0.0157 -0.2152 -0.0117 -0.1498  0.2422  0.1446  0.2073 -0.1131]
 [-0.1055 -0.2761  0.7856  0.3999  0.006   0.2225  0.4209 -0.1802 -0.3459  0.1149]
 [-0.3329  0.0215  0.4968  0.5035  0.1312  0.2719 -0.4951 -0.3299  0.4324  0.0718]
 [ 0.4105  0.3202 -0.4151  0.0153  0.7167 -0.2839 -0.2684  0.309   0.2158  0.2568]
 [ 0.1954  1.0061 -0.1103 -0.2691 -0.1777  0.7782 -0.1566  0.1683 -0.0332 -0.0267]
 [ 0.0515  0.0336  0.2717 -0.6302  0.1726  0.3522  0.5798  0.5657  0.1253 -0.4403]
 [ 0.3169 -0.0491  0.2928 -0.302   0.177   0.4006 -0.1906  0.8129  0.22   -0.1889]
 [-0.1507  0.5997  0.253  -0.6539  0.2616 -0.2107  0.2875  0.1174  0.8362 -0.0119]
 [ 0.287   0.1526  0.7522 -0.1756 -0.1014  0.1128 -0.1469 -0.024  -0.2464  0.3651]]

