Resultados com 0 ruídos:
[[ 1.  0. -0.  0.  0.  0.  0.  0.  0.  0.]
 [-0.  1.  0. -0. -0. -0. -0. -0. -0. -0.]
 [ 0.  0.  1.  0.  0.  0.  0.  0.  0. -0.]
 [-0. -0.  0.  1. -0. -0. -0. -0. -0. -0.]
 [-0.  0. -0.  0.  1.  0.  0. -0.  0.  0.]
 [ 0.  0. -0.  0.  0.  1.  0.  0.  0. -0.]
 [-0. -0.  0. -0. -0. -0.  1. -0. -0. -0.]
 [-0. -0.  0. -0. -0. -0. -0.  1.  0.  0.]
 [ 0.  0. -0.  0.  0.  0.  0.  0.  1.  0.]
 [-0. -0.  0. -0. -0. -0. -0. -0.  0.  1.]]

Resultados com 1 ruídos:
[[ 0.9873  0.2277 -0.4003 -0.0037  0.063   0.018  -0.2453 -0.1999  0.0221 -0.0152]
 [-0.4208  0.7749  0.4906 -0.1041 -0.2907  0.1132  0.1083  0.0977 -0.019   0.4302]
 [ 0.1593  0.354   1.121  -0.0702 -0.2165  0.2756 -0.2851  0.2097  0.174  -0.0157]
 [ 0.1518  0.1584  0.1688  0.9634 -0.158   0.0327 -0.0077 -0.038   0.3627 -0.21  ]
 [ 0.253  -0.1397  0.1607  0.2219  0.8639  0.0624  0.0221 -0.1588 -0.287  -0.2476]
 [ 0.3622  0.1242 -0.2603 -0.0084  0.0617  0.8351  0.1171  0.0413 -0.4277  0.4176]
 [ 0.1678  0.1028  0.1772 -0.2389 -0.242   0.6342  0.3358  0.2342  0.4691 -0.1645]
 [-0.0351 -0.1778 -0.1991  0.046  -0.0645  0.1904  0.182   0.7358  0.0332  0.0428]
 [-0.1435 -0.1795 -0.1125  0.0309  0.2091 -0.0299 -0.0029  0.039   0.6415  0.1457]
 [-0.1026  0.0442  0.2212 -0.0255  0.1311 -0.1938 -0.2132  0.2143 -0.0524  0.9287]]

Resultados com 2 ruídos:
[[ 0.749   0.1995  0.3687 -0.0864  0.1624 -0.0162 -0.2908  0.436   0.2326 -0.097 ]
 [-0.4504  0.7784  0.1041 -0.1763  0.2276  0.1053 -0.0435  0.3676  0.3855 -0.1995]
 [-0.0439  0.102   0.98    0.0201  0.0367  0.1956 -0.415  -0.3777  0.3547 -0.513 ]
 [ 0.5844 -0.0102 -0.3656  0.8694  0.4318 -0.2296  0.2463 -0.1925 -0.5406  0.4544]
 [ 0.4445 -0.1443 -0.0023 -0.2277  0.8822  0.4362 -1.2388  0.0547  0.8972 -0.1973]
 [ 0.3435 -0.022   0.2719  0.1655 -0.2896  1.2854 -0.245   0.1111 -0.0775 -0.218 ]
 [-0.1549 -0.0329 -0.403   0.0091  0.279   0.1205  0.6245 -0.1579 -0.248   0.0605]
 [ 0.0241  0.2407  0.1071 -0.0198 -0.3054  0.1617 -0.4204  1.1549  0.3183  0.0756]
 [ 0.      0.     -0.      0.      0.      0.      0.      0.      1.      0.    ]
 [-0.0373 -0.0886  0.398  -0.1323  0.0747  0.0646  0.1261 -0.177   0.1553  0.4268]]

Resultados com 3 ruídos:
[[ 0.8721  0.3524 -0.1712  0.7313 -0.083  -0.5606  0.4839 -0.081  -0.5075  0.0353]
 [-0.2097  0.7877 -0.0374 -0.1824  0.1006  0.0661  0.0331  0.2688  0.1332 -0.1261]
 [-0.388  -0.1167  0.757   0.3237 -0.1415 -0.2491  0.1873  0.1052 -0.1082  0.3397]
 [-0.0068 -0.1008  0.3598  0.7824  0.1406  0.2355 -0.1763 -0.7449  0.0281 -0.1025]
 [ 0.0575 -0.3879 -0.0386 -0.0778  1.1042 -0.491  -0.4017  0.1927  0.4392  0.4961]
 [ 0.0289  0.2416 -0.2692 -0.0655  0.0305  0.7395 -0.0225 -0.2114 -0.034  -0.1148]
 [ 0.2371  0.3779  0.6106 -0.4681 -0.1206  0.5943  0.5052  0.5141  0.2844 -0.5039]
 [-0.0741 -0.3329  0.11   -0.396   0.3609 -0.0143 -0.4908  0.7494  0.6566 -0.0513]
 [ 0.0882  0.1994  0.3328 -0.2687  0.3739 -0.0727  0.5276 -0.0315  0.9786 -0.2309]
 [ 0.4384  0.1866  0.5536 -0.0106 -0.2293  0.148   0.1176 -0.0158 -0.3141  0.4958]]

