Resultados com 0 ruídos:
[[ 1. -0. -0.  0. -0. -0.  0.  0.  0. -0.]
 [-0.  1. -0. -0. -0.  0. -0. -0. -0.  0.]
 [ 0. -0.  1.  0. -0. -0.  0.  0.  0. -0.]
 [-0.  0. -0.  1.  0. -0. -0.  0. -0.  0.]
 [ 0.  0. -0.  0.  1. -0.  0.  0. -0. -0.]
 [ 0. -0. -0.  0. -0.  1.  0.  0.  0. -0.]
 [-0.  0.  0. -0.  0.  0.  1. -0. -0.  0.]
 [-0.  0.  0. -0.  0.  0. -0.  1. -0.  0.]
 [ 0. -0. -0.  0. -0.  0.  0.  0.  1. -0.]
 [-0.  0.  0. -0.  0.  0. -0. -0. -0.  1.]]

Resultados com 1 ruído:
[[ 0.8025  0.2112 -0.2525 -0.1379  0.0872  0.1339 -0.1075  0.1035  0.2143  0.402 ]
 [-0.0383  1.0945  0.0243 -0.3665  0.2504 -0.2045  0.2472  0.2063  0.2439 -0.2783]
 [ 0.4132  0.2148  0.765  -0.0618 -0.0804  0.0586 -0.263  -0.1646 -0.1007 -0.0422]
 [-0.0612 -0.0813  0.0825  1.0242  0.2242 -0.183   0.1539 -0.1175 -0.1452  0.0443]
 [-0.0681 -0.0512  0.2119 -0.1677  0.741  -0.2312  0.3338  0.1772 -0.1711  0.2679]
 [-0.1957  0.1211 -0.2197 -0.1463 -0.1696  0.8235 -0.2507 -0.0061  0.3551  0.1104]
 [ 0.1761 -0.0754  0.1985  0.1732  0.1442  0.1748  0.3163  0.1221  0.5741 -0.0963]
 [ 0.4469  0.2496 -0.2513 -0.0953 -0.0924 -0.0051 -0.2857  0.8165 -0.0041  0.0061]
 [ 0.094   0.3972  0.1543 -0.2772 -0.019   0.0917  0.0391  0.0849  0.7711 -0.1684]
 [-0.1329 -0.1011  0.2611  0.0114  0.0808 -0.1184 -0.1662  0.2081  0.0107  1.1359]]

Resultados com 2 ruídos:
[[ 0.8721  0.2085 -0.3733 -0.0376  0.3379  0.486  -0.4565  0.0424  0.3442  0.076 ]
 [ 0.1297  1.1678 -0.3042  0.5517  0.3292  0.0377 -0.4096 -0.249   0.0992 -0.6822]
 [-0.4333 -0.3391  0.8689  0.1671  0.0047 -0.2069 -0.1237 -0.0798  0.3317  0.2159]
 [-0.15   -0.071   0.2387  0.3357 -0.069   0.4171 -0.5574 -0.2698  0.6886 -0.2797]
 [ 0.      0.     -0.      0.      1.     -0.      0.      0.     -0.     -0.    ]
 [ 0.2913 -0.0668 -0.027   0.0172  0.215   0.9607 -0.6524  0.2198  0.1681  0.4856]
 [-0.1843 -0.2739  0.3554 -0.383   0.1068  0.3415  0.4427  0.4419  0.1808  0.0231]
 [-0.1677  0.3563 -0.2043  0.3855  0.3052 -0.1695 -0.361   0.8243  0.139  -0.0771]
 [-0.      0.      0.     -0.      0.      0.      1.     -0.     -0.      0.    ]
 [ 0.5065  0.2868 -0.3537 -0.0253 -0.2728  0.2229 -0.2985 -0.0302  0.043   0.8861]]

Resultados com 3 ruídos:
[[ 0.9358  0.245  -0.5474 -0.2137 -0.1066 -0.0807  0.5539  0.0747 -0.4421 -0.155 ]
 [-0.0699  1.0127 -0.4945 -0.2967 -0.2237 -0.1126  0.1109  0.159   0.1057  0.0381]
 [-0.0568 -0.2381  0.2272  0.5924 -0.2698 -0.6196  0.2564  0.4743 -0.1518  0.384 ]
 [-0.1048  0.4285 -0.0573  0.4971 -0.109   0.0501 -0.1589  0.4545  0.0064 -0.1083]
 [-0.2138  0.2214 -0.2821 -0.0734  0.5235  0.1261 -0.2306 -0.5058  0.5132 -0.2303]
 [ 0.4606  0.0848 -0.1118 -0.2762  0.3171  1.1129 -0.3619 -0.4168  0.5203 -0.5193]
 [-0.241   0.0342 -0.1403 -0.161   0.0036  0.0708  0.1667 -0.1267  0.5979 -0.5171]
 [ 0.1404  0.1123 -0.3267 -0.0567 -0.0731  0.1488  0.1434  0.7916  0.081  -0.2393]
 [-0.6064 -0.0237  0.1137  0.3236  0.1085 -0.5084  0.1395  0.3715  0.7605  0.4594]
 [-0.0136 -0.3452  0.2027 -0.1096 -0.0543  0.5217 -0.5059 -0.0635  0.7701  0.311 ]]
