Resultados com 0 ruídos:
[[ 1.  0.  0.  0.  0.  0. -0.  0.  0.  0.]
 [ 0.  1.  0.  0. -0. -0. -0. -0. -0.  0.]
 [-0.  0.  1.  0.  0.  0.  0.  0.  0.  0.]
 [ 0. -0. -0.  1. -0. -0. -0. -0. -0. -0.]
 [-0.  0.  0.  0.  1.  0.  0.  0. -0.  0.]
 [-0.  0.  0.  0.  0.  1.  0.  0.  0.  0.]
 [ 0. -0. -0. -0. -0. -0.  1. -0. -0. -0.]
 [ 0. -0. -0. -0. -0. -0. -0.  1. -0. -0.]
 [-0.  0.  0.  0.  0.  0.  0.  0.  1.  0.]
 [ 0. -0. -0. -0. -0. -0. -0. -0. -0.  1.]]

Resultados com 1 ruídos:
[[ 1.038   0.3856 -0.0235  0.3383 -0.0854 -0.4472  0.1518 -0.0182 -0.2179  0.1446]
 [ 0.0336  1.1326  0.215   0.123  -0.2087 -0.2513  0.4359 -0.1365 -0.1306  0.284 ]
 [ 0.2425  0.1618  1.0357 -0.3088 -0.0032  0.2602 -0.0312 -0.1494  0.1243 -0.2436]
 [-0.0518  0.422  -0.098   0.9598 -0.1997 -0.0809  0.3995 -0.3889  0.0409 -0.3572]
 [ 0.2447 -0.0925  0.2643  0.2533  0.938  -0.1618  0.1056 -0.2823 -0.1316 -0.1398]
 [ 0.2299  0.1028 -0.3786 -0.0171  0.0292  0.9584 -0.0603  0.1002 -0.4136  0.4677]
 [ 0.0944  0.0052  0.0694 -0.3101  0.0238  0.3933  0.5797 -0.0817  0.2162 -0.1951]
 [ 0.0063  0.1998 -0.2276  0.4336 -0.074  -0.1442  0.2023  0.7987  0.1784 -0.0051]
 [ 0.0726 -0.3253  0.1762 -0.0623  0.1848  0.0042 -0.3397  0.2496  1.093   0.3065]
 [-0.0127 -0.2223  0.2916 -0.4194  0.1443  0.1268 -0.3239  0.1726 -0.1598  0.9536]]

Resultados com 2 ruídos:
[[ 0.8264 -0.0417  0.1904 -0.5121  0.415  -0.0438 -0.1782 -0.1221  0.124  -0.0559]
 [ 0.1202  0.8205 -0.0061 -0.3314  0.3154 -0.4848  0.2881 -0.0515  0.6449  0.12  ]
 [-0.0259 -0.1485  0.9088 -0.0949  0.1084  0.0847  0.0812 -0.2926  0.0292  0.3356]
 [ 0.1352  0.1543 -0.1364  0.7642  0.3719 -0.2114 -0.4373 -0.1249 -0.2908  0.0594]
 [ 0.3826 -0.0256  0.1573  0.0003  1.1942  0.1276 -0.8696  0.0833  0.3435 -0.0691]
 [ 0.6041  0.1806  0.3097 -0.0815 -0.2677  1.2033  0.0397 -0.3828  0.036  -0.3716]
 [ 0.0842  0.074   0.098   0.2199  0.1492 -0.3694  0.7246  0.1353 -0.0606  0.4459]
 [ 0.3932  0.4036 -0.2669  0.0705 -0.1885 -0.0529 -0.3149  0.6751  0.2303 -0.0803]
 [-0.      0.      0.      0.      0.      0.      0.      0.      1.      0.    ]
 [ 0.0228 -0.3259  0.4779  0.1071  0.0328  0.1254 -0.0057  0.0932 -0.211   0.5983]]

Resultados com 3 ruídos:
[[ 0.2419 -0.0748 -0.3018  0.5348  0.078  -0.3369  0.22   -0.0178 -1.1515  0.2741]
 [ 0.1668  0.8306  0.004  -0.15    0.0677 -0.4216  0.211   0.1675  0.3662  0.0685]
 [-0.1475 -0.2005  0.7622  0.2403  0.0559  0.0213  0.83   -0.1425 -0.1488 -0.1208]
 [-0.0375  0.0787  0.5992  1.1333 -0.0393 -0.1077  0.1745 -0.4777 -0.2088  0.0817]
 [ 0.3193  0.0364 -0.1012  0.2812  1.1238 -0.6983 -0.8538  0.1413  0.3385  0.0838]
 [ 0.0751  0.9901 -0.3361  0.8771 -0.1191  0.1972  0.1208  0.0005 -0.3482  0.1566]
 [ 0.0039  0.2034  0.4362 -0.6499  0.1749  0.2805  0.6558  0.3778 -0.2132 -0.3623]
 [ 0.0535  0.1241  0.0425 -0.0335  0.4193  0.1112 -0.1646  0.6961  0.9529 -0.3229]
 [-0.1122  0.2852  0.3098 -0.2938  0.5007 -0.1739 -0.0414 -0.147   1.053  -0.3439]
 [ 0.3714  0.3218  0.4488 -0.074   0.0279 -0.0546  0.2324 -0.0559 -0.2225  0.2134]]

