Resultados com 0 ruídos:
[[ 1. -0. -0. -0.  0.  0.  0.  0. -0. -0.]
 [-0.  1.  0.  0. -0. -0. -0. -0.  0. -0.]
 [ 0.  0.  1. -0. -0. -0. -0.  0.  0.  0.]
 [ 0.  0.  0.  1.  0.  0. -0. -0. -0. -0.]
 [ 0.  0. -0. -0.  1.  0.  0.  0.  0. -0.]
 [ 0. -0. -0. -0.  0.  1.  0. -0.  0. -0.]
 [-0.  0.  0.  0. -0. -0.  1.  0.  0.  0.]
 [-0. -0.  0.  0. -0.  0. -0.  1.  0.  0.]
 [ 0. -0. -0. -0.  0. -0.  0. -0.  1.  0.]
 [-0.  0.  0.  0. -0.  0. -0.  0. -0.  1.]]

Resultados com 1 ruídos:
[[ 1.29    0.215  -0.3228 -0.2277 -0.2009 -0.0605  0.0739  0.1729 -0.0808  0.0152]
 [-0.0388  0.8934  0.4097 -0.2565 -0.0642 -0.3118  0.1858  0.0644 -0.4161  0.3914]
 [ 0.3248  0.2503  1.1165 -0.1636  0.009  -0.0542 -0.314  -0.0201  0.029  -0.0729]
 [ 0.1175 -0.2868 -0.0065  0.9738 -0.1744  0.0966 -0.0949  0.0276  0.249  -0.2265]
 [ 0.2051  0.0065  0.0505  0.3511  0.848   0.0637  0.0244 -0.1034  0.0598 -0.2213]
 [ 0.0746 -0.136  -0.3408 -0.0525  0.0718  1.032  -0.0203  0.1439 -0.1191  0.4046]
 [ 0.1363 -0.2084 -0.002  -0.4145 -0.2947  0.4166  0.817  -0.0745 -0.0448 -0.0848]
 [ 0.1981  0.0409 -0.0459  0.1534 -0.0804 -0.2187  0.2325  1.0593 -0.2412  0.28  ]
 [-0.1474  0.3173 -0.0421  0.113   0.1724 -0.1952  0.1509  0.0514  0.7216  0.2411]
 [-0.1538  0.0162  0.1172 -0.1802  0.0297  0.1665 -0.1537 -0.1133  0.0562  0.6428]]

Resultados com 2 ruídos:
[[ 0.9026 -0.0164  0.5139 -0.1347  0.4166  0.2797 -0.4381 -0.1251  0.213  -0.3581]
 [ 0.0519  1.1243  0.1983 -0.0908  0.3989 -0.4755  0.0826  0.2541  0.2562 -0.0223]
 [ 0.1842 -0.0642  1.4142 -0.0122  0.4895 -0.1135 -0.3391 -0.0207  0.1065  0.0211]
 [ 0.409   0.0019 -0.5883  0.6235  0.0532  0.2925 -0.3887  0.0251  0.0868  0.5203]
 [ 0.416  -0.157  -0.0552 -0.5282  0.7656  0.4655 -0.8555  0.0064  0.1898 -0.1085]
 [ 0.3474  0.0344  0.257   0.0951 -0.2014  0.8835 -0.1462 -0.1634 -0.1544 -0.298 ]
 [ 0.1176  0.3407 -0.2653 -0.1524  0.0397 -0.3571  1.1529  0.2228 -0.3681  0.1649]
 [ 0.141   0.4979  0.1373  0.1389 -0.0373 -0.1928 -0.3333  0.8055 -0.1298 -0.0004]
 [ 0.     -0.     -0.     -0.      0.     -0.      0.     -0.      1.      0.    ]
 [ 0.1995 -0.025   0.5492 -0.2849  0.0693  0.1667  0.0169 -0.0508 -0.4726  0.5121]]

Resultados com 3 ruídos:
[[ 0.5924 -0.402  -0.0243  0.3168 -0.0807  0.1726  0.1486  0.0788 -0.803   0.2781]
 [-0.0468  1.2166 -0.1181 -0.0747  0.0839 -0.5978  0.3641  0.2982  0.1589  0.0454]
 [-0.3536 -0.0208  0.6963  0.2775 -0.1588  0.0237  0.4813 -0.3103 -0.1088 -0.2407]
 [ 0.1859 -0.2666  0.3208  0.4283  0.1403 -0.153  -0.2858  0.0373 -0.063   0.5345]
 [ 0.3303  0.2506 -0.1301  0.0651  0.7721  0.1435 -0.6563 -0.1656  0.0391 -0.1635]
 [ 0.1985  0.4808 -0.0835  0.0284  0.0308  0.6221  0.1301  0.2107 -0.6218  0.135 ]
 [ 0.094   0.0134  0.246  -0.6772 -0.0581  0.3396  0.6738  0.2803 -0.1922 -0.2312]
 [-0.0266  0.1374  0.4644  0.0811  0.4048  0.1506 -0.3562  0.7713  0.6088 -0.3414]
 [ 0.4828  0.0969  0.3207 -0.427   0.44    0.0456 -0.4266  0.273   1.0558  0.0691]
 [ 0.5515  0.1741  0.4955  0.0639  0.0578 -0.3511 -0.0763  0.1936 -0.2998  0.616 ]]

