Resultados com 0 ruídos:
[[ 1.  0.  0.  0.  0. -0. -0.  0.  0.  0.]
 [ 0.  1.  0.  0.  0. -0. -0.  0.  0. -0.]
 [-0.  0.  1.  0. -0.  0. -0. -0. -0.  0.]
 [-0.  0.  0.  1. -0.  0.  0. -0.  0.  0.]
 [ 0.  0.  0.  0.  1.  0.  0. -0.  0.  0.]
 [-0.  0. -0.  0. -0.  1. -0. -0. -0.  0.]
 [ 0. -0.  0. -0.  0.  0.  1.  0. -0. -0.]
 [ 0. -0. -0.  0. -0.  0.  0.  1. -0. -0.]
 [ 0. -0. -0.  0.  0. -0.  0. -0.  1. -0.]
 [-0.  0.  0. -0.  0.  0.  0.  0.  0.  1.]]

Resultados com 1 ruído:
[[ 0.8213  0.2378 -0.3014 -0.2127  0.0502 -0.0194  0.0512  0.044   0.1738  0.2407]
 [-0.0566  0.8553 -0.1346 -0.1625 -0.0891 -0.2184  0.1116  0.1977  0.0451 -0.0573]
 [ 0.2829  0.3501  0.8804 -0.1286  0.0017  0.2264 -0.2967 -0.0655  0.1618 -0.3237]
 [-0.208  -0.1292  0.2269  0.7232  0.0621  0.1642  0.3512  0.0623 -0.1133  0.1208]
 [-0.0947  0.0335  0.1219 -0.1301  0.8177 -0.2064 -0.0095 -0.1008  0.2075  0.0677]
 [-0.305   0.073  -0.094   0.0707 -0.0762  0.948  -0.41   -0.0246  0.4231  0.1014]
 [ 0.3577 -0.0276  0.1451  0.0189  0.0445  0.018   0.4788  0.0606  0.4836 -0.0609]
 [ 0.2835  0.355  -0.1101 -0.0739  0.0316  0.1582 -0.3431  0.9592  0.171  -0.3812]
 [-0.0328  0.2104 -0.0153 -0.2357 -0.0381 -0.2809  0.0695 -0.0773  0.7692 -0.0165]
 [ 0.1186  0.0538  0.3502 -0.1182  0.1755 -0.0079 -0.0998  0.2285 -0.0472  0.8247]]

Resultados com 2 ruídos:
[[ 0.8388  0.2089 -0.4056 -0.0598  0.2146  0.2012  0.0329  0.1971  0.0691  0.0793]
 [-0.2246  0.9433 -0.1331  0.0239  0.4867 -0.0371 -0.2033  0.2317 -0.0081 -0.3391]
 [ 0.207  -0.171   0.9172  0.021   0.0503  0.2637 -0.2947 -0.0531  0.0463  0.2024]
 [ 0.3843 -0.0651  0.3245  0.5269 -0.0035  0.3809 -0.6561 -0.2245  0.1021  0.1128]
 [ 0.      0.      0.      0.      1.      0.      0.     -0.      0.      0.    ]
 [ 0.475   0.1001 -0.2021  0.088   0.1353  0.6326 -0.3008  0.3347 -0.0479  0.4675]
 [ 0.0986 -0.0609  0.3264 -0.334   0.1012  0.6517  0.5204  0.3595  0.3601 -0.3412]
 [-0.3935  0.1966 -0.3071 -0.2315  0.4713 -0.249   0.0059  1.1333  0.4559 -0.1474]
 [ 0.     -0.      0.     -0.      0.      0.      1.      0.     -0.     -0.    ]
 [ 0.5244  0.5408 -0.2918  0.1335 -0.0824  0.0833 -0.7303 -0.0517  0.3679  0.4503]]

Resultados com 3 ruídos:
[[ 0.6075 -0.0199 -0.45    0.0148 -0.0184 -0.0003  0.7177  0.1311 -0.724   0.2426]
 [ 0.1479  0.8622 -0.3215 -0.1587 -0.0671  0.0295  0.0844  0.1378 -0.2336  0.2643]
 [ 0.2908 -0.1778  0.9216  0.1507 -0.0284  0.2756  0.3422  0.599  -0.1797  0.4753]
 [ 0.0955  0.3439  0.05    0.4213 -0.1619  0.3869 -0.1739  0.3946  0.1317  0.0072]
 [-0.3171 -0.0379 -0.4133 -0.0564  0.8016 -0.2451 -0.1119 -0.1054  0.034   0.4071]
 [ 0.1301  0.1189  0.0112 -0.1756  0.2197  1.0629 -0.1966  0.051   0.5377 -0.4744]
 [-0.586   0.0359 -0.1269 -0.2715  0.1981  0.3917  0.016   0.1749  1.0301 -0.3695]
 [-0.0534 -0.072  -0.2812  0.0625 -0.1954  0.0338  0.0852  0.7786  0.161   0.1103]
 [ 0.0893  0.111  -0.1184 -0.0067  0.13   -0.4203  0.1003  0.2069  0.6449  0.1322]
 [-0.1106 -0.0018  0.3231 -0.2731  0.0642  0.8464  0.008   0.1065  1.008  -0.0062]]

