Resultados com 0 ruídos:
[[ 1. -0.  0.  0. -0.  0.  0. -0.  0. -0.]
 [ 0.  1.  0.  0. -0. -0. -0.  0.  0. -0.]
 [-0.  0.  1.  0. -0.  0.  0.  0. -0.  0.]
 [ 0. -0. -0.  1.  0. -0. -0. -0.  0.  0.]
 [-0. -0. -0. -0.  1.  0.  0.  0.  0. -0.]
 [-0.  0.  0.  0.  0.  1.  0.  0.  0.  0.]
 [ 0.  0. -0. -0.  0.  0.  1.  0.  0. -0.]
 [ 0.  0.  0. -0.  0. -0. -0.  1.  0. -0.]
 [-0.  0.  0. -0. -0. -0.  0.  0.  1.  0.]
 [-0. -0. -0. -0.  0. -0. -0. -0. -0.  1.]]

Resultados com 1 ruídos:
[[ 0.7092  0.2045  0.072   0.176   0.0132 -0.2165  0.1021 -0.0818  0.063   0.0505]
 [-0.0396  0.7992  0.2462 -0.0726 -0.1235 -0.1162  0.1724 -0.183  -0.0576  0.1573]
 [ 0.4323  0.1786  1.0645  0.1009 -0.0751 -0.0435 -0.2741 -0.0776  0.0031 -0.1855]
 [ 0.0233 -0.1902 -0.0277  0.6942 -0.2302  0.0703  0.2941 -0.1404  0.407  -0.1221]
 [ 0.1187 -0.0458  0.2083  0.0464  0.9703  0.1369 -0.0119 -0.2066 -0.2039 -0.3306]
 [ 0.1868  0.0911 -0.3196 -0.1775  0.0371  0.8962  0.0978  0.1233 -0.4062  0.4405]
 [ 0.2012  0.0248 -0.1111 -0.2875 -0.1646  0.5915  0.6075  0.1834  0.0537  0.1174]
 [-0.0293  0.0592 -0.3416  0.1449  0.0385  0.2276  0.3125  0.6748 -0.0388  0.1487]
 [-0.0698  0.1822 -0.0041  0.268   0.2023 -0.0636 -0.1881  0.1623  0.6074  0.1863]
 [ 0.0916 -0.0303  0.2486 -0.069   0.0492 -0.2482 -0.3908  0.2806  0.1824  0.9174]]

Resultados com 2 ruídos:
[[ 0.9439 -0.0779  0.3556 -0.2234  0.2479 -0.0297 -0.3893 -0.0131  0.1882 -0.2111]
 [ 0.0523  1.018  -0.0709 -0.0662  0.2659 -0.2781  0.1766  0.0193  0.1694 -0.1063]
 [-0.3303 -0.2974  0.7189 -0.1098  0.3683  0.1792 -0.2718 -0.3242  0.3607 -0.1696]
 [ 0.2159  0.077   0.0817  0.4825 -0.172   0.0117  0.0832  0.1054 -0.441   0.4625]
 [ 0.2948 -0.2673  0.1537 -0.3903  0.9128  0.5949 -0.655   0.1194  0.4035 -0.018 ]
 [ 0.4568  0.1666  0.204   0.1191 -0.1287  0.9953 -0.2358 -0.1194 -0.294  -0.4764]
 [-0.434   0.3199  0.0014  0.3213  0.2119 -0.2882  0.8062  0.1239 -0.2711  0.2272]
 [ 0.3727  0.3036 -0.1691  0.0312 -0.0364  0.4247 -0.4171  0.5794 -0.0623 -0.2783]
 [-0.      0.      0.     -0.     -0.     -0.      0.      0.      1.      0.    ]
 [-0.0317 -0.4331  0.6619  0.3223  0.0352  0.3225  0.2368 -0.2485 -0.0104  0.3307]]

Resultados com 3 ruídos:
[[ 0.5087 -0.2454  0.0418  0.4389 -0.2455 -0.0221  0.7044  0.123  -0.7555  0.6644]
 [ 0.1399  1.0985 -0.1875 -0.046   0.0235 -0.3272  0.1645  0.2183  0.1263 -0.097 ]
 [-0.2345  0.3462  0.6516  0.3652  0.3976 -0.3813  0.5116 -0.1552 -0.1686  0.0384]
 [-0.2399 -0.5687  0.5825  0.5089 -0.1632  0.1514  0.0808 -0.4793  0.2055  0.0265]
 [ 0.3952  0.0947  0.2644 -0.0859  0.7969  0.3986 -0.4135 -0.2034  0.0389 -0.1182]
 [-0.1269  0.4008 -0.2273 -0.148   0.0858  1.1478  0.1181 -0.1843 -0.268  -0.1376]
 [ 0.3551  0.199   0.2037 -0.6669 -0.1262  0.4932  0.7009  0.5032  0.083  -0.0979]
 [-0.2502  0.2361  0.3524 -0.2088  0.8446  0.1907  0.0485  0.3182  0.363  -0.544 ]
 [ 0.119   0.2311  0.4695 -0.4176 -0.0456  0.3203  0.3145 -0.111   0.7551 -0.3039]
 [ 0.5789  0.3745  0.3331  0.0228 -0.1065  0.0688  0.0575 -0.2299 -0.475   0.4506]]

