Resultados com 0 ruídos:
[[ 1.  0.  0.  0.  0. -0.  0.  0. -0. -0.]
 [-0.  1. -0. -0.  0.  0.  0.  0.  0. -0.]
 [ 0.  0.  1.  0.  0. -0.  0. -0. -0.  0.]
 [-0.  0. -0.  1. -0.  0.  0. -0.  0. -0.]
 [-0.  0. -0.  0.  1.  0.  0.  0. -0. -0.]
 [ 0. -0.  0. -0. -0.  1.  0. -0. -0.  0.]
 [ 0.  0. -0.  0. -0.  0.  1.  0.  0. -0.]
 [-0.  0.  0. -0. -0.  0. -0.  1. -0. -0.]
 [ 0. -0.  0. -0.  0. -0.  0. -0.  1.  0.]
 [-0. -0. -0. -0.  0.  0. -0.  0.  0.  1.]]

Resultados com 1 ruídos:
[[ 0.8943  0.4031 -0.0666  0.3338 -0.0776 -0.2448  0.2929  0.0287 -0.3108  0.2746]
 [-0.4273  0.954   0.334  -0.226  -0.1034 -0.0408  0.2075 -0.1383 -0.047   0.398 ]
 [ 0.1305  0.1514  0.8905 -0.1721 -0.0151  0.3004 -0.5127 -0.2659  0.2088 -0.0812]
 [ 0.494   0.1694  0.0413  0.771  -0.0891 -0.044   0.0982 -0.1398  0.0127 -0.2247]
 [ 0.2793 -0.0697  0.5145  0.2669  1.0064 -0.1752  0.2938  0.061  -0.3127 -0.1766]
 [ 0.4791  0.0445 -0.2226 -0.0891  0.1653  0.8928  0.0602  0.3661 -0.428   0.2135]
 [ 0.0918  0.0542  0.0979 -0.407  -0.1247  0.4724  0.5831  0.1422  0.0429  0.2126]
 [-0.0504  0.0395 -0.0525  0.1739 -0.1665 -0.1576  0.0129  1.0235  0.0504  0.1373]
 [-0.5106 -0.0174 -0.1322  0.2342 -0.0487  0.0653 -0.0906  0.1321  0.9071  0.3298]
 [-0.0321  0.1405  0.2036 -0.1826  0.1866  0.0494  0.0322  0.0429  0.004   0.926 ]]

Resultados com 2 ruídos:
[[ 0.9517  0.0538  0.0243 -0.3537  0.2318 -0.2643  0.0414  0.0615  0.1039 -0.279 ]
 [-0.329   0.6417 -0.0994 -0.4892  0.2037 -0.2556  0.3568  0.4426  0.3811 -0.3022]
 [-0.1913 -0.1237  0.8601  0.1694  0.2619 -0.4679 -0.1288 -0.0241  0.2531  0.0499]
 [ 0.9139  0.0485 -0.1292  1.0695  0.3851  0.2862 -0.1998 -0.1992 -0.4624 -0.0042]
 [ 0.1508  0.0177 -0.1852 -0.0374  0.6871  0.3909 -0.6192 -0.0574  0.2889  0.402 ]
 [ 0.3575 -0.0303  0.2439  0.01   -0.0135  1.1296 -0.2001 -0.1886 -0.1901 -0.2898]
 [-0.5957  0.2943 -0.1494  0.5308 -0.134  -0.1936  1.0132  0.1239 -0.2908  0.5873]
 [ 0.2383  0.2024 -0.2902 -0.2366 -0.1545  0.314  -0.347   0.703   0.1825 -0.1421]
 [ 0.     -0.      0.     -0.      0.     -0.      0.     -0.      1.      0.    ]
 [-0.5158 -0.0594 -0.0195  0.2284 -0.3775  0.1151  0.1559 -0.4002  0.0742  0.7762]]

Resultados com 3 ruídos:
[[ 0.9832 -0.0226 -0.1587  0.5454 -0.2249 -0.4606  0.6434  0.0769 -0.915   0.3798]
 [-0.4268  0.8095 -0.0329 -0.2476  0.0676 -0.0623  0.2724  0.3769  0.2199 -0.0602]
 [-0.4392 -0.0748  1.2168 -0.1989  0.152   0.141   0.6135 -0.1382 -0.5107  0.4033]
 [-0.082  -0.155   0.3209  1.2119  0.1418  0.0999 -0.3133 -0.8438 -0.0027  0.3354]
 [ 0.2232  0.1004 -0.1658 -0.1331  0.554   0.1213 -0.2773  0.1093  0.227  -0.0157]
 [ 0.2273  0.5464 -0.0442  0.3265 -0.2323  0.5649  0.2475  0.2403 -0.3055  0.0682]
 [ 0.2897  0.202   0.3537 -0.7267  0.0741  0.4233  0.2729  0.368  -0.0094 -0.1671]
 [ 0.0907  0.2278  0.492  -0.5221  0.1789  0.0076 -0.2167  0.8961  0.1833  0.0108]
 [ 0.4064  0.0172  0.034  -0.2847  0.4285 -0.1316 -0.1757  0.0077  0.9739 -0.6633]
 [ 0.6603  0.1271  0.5527 -0.0701  0.0276  0.1059 -0.5132  0.0231 -0.2499  0.2946]]

