Resultados com 0 ruídos:
[[ 1.  0. -0.  0. -0. -0.  0. -0.  0.  0.]
 [-0.  1. -0.  0. -0. -0. -0.  0. -0. -0.]
 [ 0.  0.  1. -0.  0.  0. -0. -0.  0.  0.]
 [-0. -0. -0.  1. -0. -0.  0. -0.  0. -0.]
 [ 0.  0.  0. -0.  1.  0.  0. -0. -0.  0.]
 [ 0.  0.  0. -0.  0.  1.  0. -0. -0.  0.]
 [-0. -0. -0.  0. -0.  0.  1.  0.  0. -0.]
 [ 0. -0. -0.  0. -0. -0. -0.  1.  0. -0.]
 [ 0.  0.  0. -0.  0. -0.  0. -0.  1.  0.]
 [-0. -0. -0.  0. -0.  0. -0.  0. -0.  1.]]

Resultados com 1 ruídos:
[[ 0.7148 -0.0362 -0.1293 -0.2629  0.0769  0.0699 -0.1283 -0.1103  0.3558
   0.5282]
 [ 0.1011  1.046  -0.2274 -0.0402 -0.0508 -0.0756  0.1113  0.2751  0.4365
   0.2883]
 [ 0.5077  0.2024  0.9734 -0.2452 -0.0921  0.1955 -0.3988 -0.0764  0.0531
  -0.0488]
 [ 0.0097 -0.074   0.271   0.4838 -0.0572  0.1768  0.0587  0.0693 -0.0294
   0.2791]
 [-0.101   0.0785 -0.0396 -0.0676  0.7763 -0.3763  0.035  -0.1387  0.0023
   0.1008]
 [-0.2021  0.146  -0.2263 -0.0501  0.0223  0.8721 -0.0661 -0.0426  0.4498
  -0.0235]
 [ 0.1224 -0.1396  0.2013  0.0939  0.0108  0.043   0.1798  0.0843  0.628
   0.1345]
 [ 0.4479  0.2119 -0.0192 -0.1107 -0.1349  0.1356 -0.485   0.8479  0.0733
   0.1457]
 [ 0.0386  0.011   0.3177  0.0689 -0.0303  0.0283 -0.1097  0.0802  0.947
   0.0124]
 [-0.1255 -0.0287  0.2599 -0.4597  0.1024 -0.1717  0.0586  0.0086 -0.1525
   0.7269]]

Resultados com 2 ruídos:
[[ 0.9051 -0.1688 -0.1573 -0.3655  0.1214  0.3948 -0.2508 -0.0054  0.0635
   0.51  ]
 [ 0.4989  0.7092  0.0379 -0.4196  0.3318  0.4368 -0.2225 -0.1324  0.4572
  -0.2383]
 [-0.0858 -0.3544  0.9854 -0.3317  0.1607 -0.0931  0.1681 -0.475  -0.093
  -0.207 ]
 [ 0.1733 -0.2494  0.3349  0.4711  0.2257  0.26    0.1396 -0.3512  0.0854
  -0.3902]
 [ 0.      0.      0.     -0.      1.      0.      0.     -0.     -0.
   0.    ]
 [ 0.3849 -0.1439 -0.1595  0.0485  0.0893  0.6795 -0.4219  0.1103  0.2115
   0.5705]
 [-0.1089 -0.0204  0.1757 -0.8322  0.0754  0.3194  0.5132  0.0554  0.4196
  -0.543 ]
 [ 0.1545 -0.2714 -0.0125 -0.4076  0.2716  0.198  -0.3129  0.3571  0.7456
   0.3045]
 [-0.     -0.     -0.      0.     -0.      0.      1.      0.      0.
  -0.    ]
 [ 0.2986  0.2496 -0.4261  0.1204  0.1282  0.0812 -0.2855 -0.3222  0.4376
   0.713 ]]

Resultados com 3 ruídos:
[[ 0.5502  0.3178 -0.4554 -0.3004 -0.0313  0.0468  0.8319  0.589  -0.6227
  -0.2747]
 [-0.2491  0.5808 -0.1608 -0.2248  0.2506  0.0867  0.152   0.1296  0.0418
   0.3264]
 [-0.3732  0.0488  0.2499 -0.4945  0.0663  0.0043  0.0239  0.699  -0.5259
   0.6219]
 [ 0.1632  0.4519 -0.0687  0.5731 -0.3848  0.24   -0.7902  0.5902  0.1791
   0.239 ]
 [ 0.5548 -0.0611 -0.5116 -0.0725  0.3886  0.1282 -0.1949 -0.3475  0.197
   0.6323]
 [ 0.7752  0.1586 -0.1511 -0.1045 -0.1775  1.1894 -0.732   0.03    0.204
   0.6343]
 [ 0.0661  0.0685 -0.3088 -0.7493  0.1438  0.4105 -0.0672 -0.302   1.4969
  -0.5747]
 [ 0.0712  0.0514 -0.3166  0.351  -0.1056  0.059   0.0496  0.9801  0.0861
   0.2647]
 [-0.0856 -0.2635  0.2466 -0.2458  0.2978 -0.5504  0.4387 -0.293   0.4136
  -0.355 ]
 [-0.0757 -0.0343  0.4838 -0.6242 -0.118   0.5169 -0.5409  0.0424  1.0725
  -0.1154]]

