Resultados com 0 ruídos:
[[ 1. -0. -0. -0. -0. -0. -0.  0. -0. -0.]
 [ 0.  1.  0. -0.  0.  0.  0. -0.  0.  0.]
 [-0. -0.  1. -0. -0. -0. -0.  0. -0. -0.]
 [ 0. -0. -0.  1.  0. -0.  0. -0. -0. -0.]
 [ 0. -0. -0.  0.  1. -0.  0.  0. -0. -0.]
 [-0. -0. -0. -0. -0.  1. -0.  0. -0. -0.]
 [ 0.  0.  0.  0.  0.  0.  1. -0.  0.  0.]
 [ 0.  0.  0.  0.  0.  0.  0.  1.  0.  0.]
 [-0. -0. -0. -0.  0. -0. -0.  0.  1. -0.]
 [ 0.  0.  0.  0. -0.  0.  0.  0.  0.  1.]]

Resultados com 1 ruídos:
[[ 1.0882  0.2511 -0.1598 -0.2029  0.0354 -0.0816  0.022  -0.1474 -0.1588 -0.0094]
 [ 0.057   0.8449  0.0274 -0.5026 -0.1282 -0.0372  0.1486  0.0506 -0.1752  0.4196]
 [ 0.3744  0.1182  1.0542 -0.2395 -0.0339  0.2093 -0.4821  0.0035  0.3538 -0.0387]
 [ 0.1998  0.2269 -0.1858  0.9581 -0.1263 -0.3725  0.1122  0.3124  0.4606 -0.2665]
 [ 0.3747 -0.1334  0.3074  0.2203  0.7432 -0.1159 -0.0089 -0.3015 -0.2617 -0.2998]
 [ 0.2256  0.2102 -0.4018  0.0253  0.0144  0.6342  0.2335  0.2914 -0.2076  0.3212]
 [ 0.1851  0.0703 -0.1895 -0.4464 -0.1939  0.5321  0.6795  0.282   0.0836 -0.0731]
 [ 0.1107 -0.0459 -0.2775  0.0914 -0.3386  0.174   0.3249  1.1406 -0.1371  0.4523]
 [-0.1759 -0.2456  0.1311  0.0319  0.1054  0.3957 -0.1743 -0.3957  0.4689  0.2367]
 [-0.1242  0.0875  0.2666 -0.1221  0.2878 -0.2265 -0.2344 -0.1139  0.1675  0.5313]]

Resultados com 2 ruídos:
[[ 1.2506  0.0674  0.0579  0.2109  0.3407 -0.3944 -0.3644 -0.2836 -0.1759 -0.1625]
 [ 0.4316  0.7394 -0.3654 -0.2228  0.1004 -0.1993  0.316  -0.0096 -0.3121  0.3542]
 [ 0.327  -0.2503  0.7953 -0.0206  0.3386 -0.4843 -0.1105  0.0647 -0.3443  0.7762]
 [ 0.2089  0.3327 -0.405   0.9316  0.0269 -0.0169 -0.2018  0.1713  0.0756  0.2052]
 [ 0.1743 -0.1166 -0.0783 -0.3897  1.0377  0.6563 -0.9701  0.284   0.3288 -0.0482]
 [ 0.6324 -0.0659  0.4153  0.0606 -0.0626  1.1111 -0.3806 -0.0911  0.0465 -0.3046]
 [ 0.018   0.0221 -0.0314 -0.0317  0.2424  0.2659  0.7154 -0.3708 -0.434   0.2084]
 [ 0.3614  0.2626 -0.3285 -0.1742 -0.0904  0.158  -0.433   1.0726  0.0179 -0.0347]
 [-0.     -0.     -0.     -0.      0.     -0.     -0.      0.      1.     -0.    ]
 [-0.2067 -0.3425  0.4639 -0.0032  0.2619  0.6454 -0.1091 -0.4008 -0.3864  0.6354]]

Resultados com 3 ruídos:
[[ 0.4043  0.1756 -0.2849  0.9469  0.0132 -0.6111  0.6448  0.2943 -1.0163  0.3003]
 [ 0.1597  0.6875 -0.1741 -0.4517  0.0497  0.0344  0.201   0.0359  0.0823 -0.0081]
 [-0.3955  0.1767  1.0504  0.3338 -0.1202 -0.1557  0.2725 -0.4509 -0.2899 -0.5374]
 [ 0.0383 -0.3403  0.1489  0.0064  0.2017  0.142  -0.3371  0.2115  0.2908  0.596 ]
 [-0.0506  0.2281 -0.4319  0.4246  0.9477  0.3837 -0.6519 -0.1466 -0.0851 -0.1916]
 [ 0.0894  0.59   -0.529  -0.1746 -0.0425  0.7039  0.4545  0.4939 -0.5222  0.3052]
 [ 0.0766  0.3356  0.0516 -0.565  -0.0011  0.273   0.6703  0.5449 -0.0376 -0.3376]
 [ 0.1445  0.1096  0.4726  0.3254  0.1949  0.3539 -0.5766  0.4727  0.257  -0.3657]
 [ 0.2045  0.4772 -0.2715  0.1643 -0.0406 -0.0194  0.0885  0.344   0.7034  0.384 ]
 [ 0.4996  0.2061  0.4115 -0.117  -0.1316 -0.1087 -0.0103  0.2498 -0.2177  0.8041]]

