Resultados com 0 ruídos:
[[ 1.  0. -0.  0. -0.  0.  0.  0. -0. -0.]
 [ 0.  1.  0.  0. -0. -0. -0. -0. -0. -0.]
 [ 0. -0.  1.  0.  0. -0.  0. -0.  0.  0.]
 [-0.  0. -0.  1. -0.  0. -0. -0.  0. -0.]
 [-0.  0. -0. -0.  1. -0.  0.  0. -0.  0.]
 [ 0. -0.  0.  0.  0.  1.  0. -0. -0. -0.]
 [-0.  0.  0. -0.  0.  0.  1. -0.  0. -0.]
 [-0. -0. -0. -0. -0.  0. -0.  1.  0. -0.]
 [ 0.  0. -0.  0. -0. -0.  0.  0.  1.  0.]
 [-0. -0.  0. -0.  0.  0. -0. -0.  0.  1.]]

Resultados com 1 ruídos:
[[ 0.8279  0.4961 -0.4445  0.1022 -0.1536 -0.0971  0.1777 -0.0674  0.1502 -0.0367]
 [-0.043   0.55    0.16   -0.3276 -0.0206 -0.1622  0.0876  0.0497 -0.1242  0.276 ]
 [ 0.497  -0.165   0.8464  0.0068 -0.1294  0.0369 -0.4868 -0.094  -0.0479 -0.1519]
 [ 0.256  -0.203  -0.0867  0.8101  0.0182  0.0003 -0.1143  0.0384  0.2155 -0.3172]
 [ 0.416  -0.0223  0.3279  0.3062  1.0662 -0.0137  0.1839 -0.1038 -0.2621 -0.2477]
 [ 0.1316  0.1655 -0.0569  0.0206  0.1382  0.7495 -0.0129  0.2268 -0.2434  0.3783]
 [ 0.1323 -0.1216  0.0425 -0.1764 -0.0384  0.6008  0.6435  0.1644  0.0727 -0.1   ]
 [-0.0152 -0.1435  0.0133  0.1875  0.0083  0.3226  0.1945  1.0845 -0.2552  0.2856]
 [-0.2437  0.2675 -0.0495  0.1603 -0.0523  0.0616  0.139  -0.0318  0.7778  0.3199]
 [ 0.0625  0.1608 -0.0084 -0.2262  0.047  -0.4495 -0.3071 -0.1033  0.2703  0.6393]]

Resultados com 2 ruídos:
[[ 0.9557  0.0345  0.1061 -0.2018  0.3912 -0.5093 -0.0094 -0.0747  0.0317 -0.2651]
 [-0.1098  0.9399  0.0372 -0.2528  0.4952 -0.2342  0.3979  0.1233  0.2798  0.0672]
 [ 0.0003 -0.2823  1.2486  0.0557  0.413   0.3036 -0.0515 -0.0059  0.1465 -0.3459]
 [-0.0057  0.2543 -0.1444  0.9444  0.2138 -0.1388 -0.1074  0.0262 -0.1253  0.5431]
 [ 0.0496 -0.1704  0.0497 -0.2924  0.8079  0.6314 -0.5926  0.1578  0.4244  0.0543]
 [ 0.6867 -0.1521  0.2186  0.3168  0.1472  0.9989 -0.1022 -0.1778 -0.1951 -0.2571]
 [-0.3816  0.735  -0.3871  0.3361 -0.2355 -0.1186  1.2211 -0.1476 -0.0155  0.2346]
 [ 0.3657 -0.1229 -0.0184 -0.4244  0.0991 -0.0015 -0.566   1.0597  0.0187  0.0919]
 [ 0.      0.     -0.      0.     -0.     -0.      0.      0.      1.      0.    ]
 [-0.2628 -0.2622  0.1856 -0.0539 -0.2208  0.2483  0.5884 -0.3253 -0.3554  0.8111]]

Resultados com 3 ruídos:
[[ 0.3765 -0.1646 -0.0624  0.6216 -0.0143 -0.257   0.5129  0.0677 -0.6775  0.1289]
 [ 0.0185  0.9831  0.0064 -0.1955  0.2264 -0.0984  0.146   0.0374  0.4797 -0.0192]
 [ 0.4756 -0.1947  0.7416  0.2498  0.5881 -0.1366  0.1716 -0.3276 -0.3766  0.1366]
 [-0.3259 -0.5325  0.2392  0.857   0.0302  0.4441 -0.0772 -0.2819  0.3184  0.0549]
 [-0.1424  0.1678 -0.3821 -0.5563  0.8867 -0.6284 -0.3378  0.1563  0.0796  0.6245]
 [-0.3229  0.6259  0.0238 -0.3151 -0.0415  0.9053  0.2397  0.4373 -0.2303  0.2239]
 [ 0.1359  0.1492  0.5363 -0.5362  0.1075  0.5039  0.5066  0.4748  0.0529 -0.3743]
 [ 0.4283 -0.1895  0.4106 -0.6501  0.7328  0.4784 -0.4808  0.8551  0.0661  0.0049]
 [-0.4902  0.0701  0.3027 -0.1344  0.3818  0.206   0.4588  0.3643  0.4528  0.174 ]
 [ 0.5192 -0.0686  0.5076  0.0776 -0.0475  0.2849 -0.3836  0.1772 -0.3047  0.5167]]

