Resultados com 0 ruídos:
[[ 1.  0. -0. -0. -0. -0.  0.  0.  0. -0.]
 [ 0.  1. -0. -0. -0. -0.  0.  0.  0. -0.]
 [-0. -0.  1.  0.  0.  0. -0.  0. -0.  0.]
 [-0. -0. -0.  1. -0. -0.  0.  0.  0.  0.]
 [-0.  0.  0.  0.  1.  0. -0.  0. -0.  0.]
 [-0. -0.  0.  0.  0.  1. -0.  0. -0.  0.]
 [ 0.  0. -0. -0. -0. -0.  1. -0.  0. -0.]
 [ 0.  0. -0. -0. -0. -0.  0.  1.  0. -0.]
 [-0. -0.  0.  0.  0.  0. -0.  0.  1.  0.]
 [ 0.  0. -0. -0. -0. -0.  0. -0.  0.  1.]]

Resultados com 1 ruídos:
[[ 0.9387  0.0032  0.1062  0.2174 -0.2869  0.0236  0.2278 -0.3855 -0.0688 -0.0587]
 [ 0.0614  0.8392  0.2497 -0.1504  0.0939  0.0814 -0.1702 -0.1544 -0.1174  0.1292]
 [ 0.3845  0.0901  0.9016  0.0408  0.1556  0.1612 -0.4327  0.0004  0.2952 -0.229 ]
 [ 0.2108  0.246  -0.2284  1.0147 -0.23    0.1426  0.0235 -0.0169 -0.0877 -0.2212]
 [ 0.1594 -0.1234  0.292   0.0501  0.9319 -0.0678  0.2266 -0.0427 -0.4051 -0.2279]
 [ 0.0027  0.3026 -0.1907  0.0037  0.03    0.6665 -0.1249  0.1047 -0.4179  0.3154]
 [ 0.185  -0.1822 -0.0698 -0.2906 -0.1609  0.5395  0.5357  0.1484  0.2705 -0.0038]
 [-0.0959 -0.1687 -0.27    0.0871 -0.2232 -0.1391  0.1329  0.7824 -0.0633  0.1335]
 [-0.2468 -0.1964  0.2082 -0.0743  0.2302 -0.1328 -0.0195  0.0236  1.1604  0.3365]
 [ 0.0242  0.0167  0.3074 -0.0659  0.2385  0.1768 -0.1037  0.138   0.1182  0.8075]]

Resultados com 2 ruídos:
[[ 0.8826  0.2405  0.1165 -0.0291  0.0368 -0.0235  0.0054 -0.0858  0.032  -0.0459]
 [-0.1369  0.9931 -0.1434 -0.0734  0.091  -0.5337  0.2663 -0.1459  0.1226 -0.0965]
 [-0.1501  0.1866  0.7083 -0.0994  0.0276  0.0871  0.043  -0.3225 -0.2792  0.0441]
 [ 0.2027  0.0833 -0.1725  0.876   0.0015 -0.3574  0.0188  0.3113 -0.242   0.574 ]
 [ 0.4513 -0.484   0.0399 -0.2204  0.6581  0.5946 -0.9073  0.0306  0.7879 -0.1165]
 [ 0.5176 -0.1613  0.2614  0.0309 -0.0138  1.0975 -0.2118 -0.1024 -0.0091 -0.188 ]
 [-0.148  -0.1261  0.2127  0.1264 -0.0189 -0.1067  1.2014 -0.242  -0.0132  0.247 ]
 [ 0.4685  0.395  -0.4382  0.0523 -0.1816  0.129  -0.837   0.7322  0.3004 -0.1779]
 [-0.     -0.      0.      0.      0.      0.     -0.      0.      1.      0.    ]
 [ 0.3575 -0.365   0.3059  0.0661 -0.1826  0.4506  0.0336 -0.3276  0.3432  0.5244]]

Resultados com 3 ruídos:
[[ 0.6944  0.2002 -0.3172  0.6356 -0.4141 -0.1995  0.5763  0.0964 -0.8278  0.4499]
 [-0.054   0.8436  0.0249 -0.1277  0.2812 -0.323   0.1175  0.0449  0.2402 -0.2071]
 [-0.0918 -0.3043  0.9858  0.125   0.5276 -0.0561  0.1801 -0.3437  0.0716 -0.2363]
 [ 0.3174 -0.2703  0.1167  0.7149  0.2695  0.2444 -0.299  -0.2067 -0.0545  0.1623]
 [ 0.4139 -0.1415 -0.368   0.1284  0.466  -0.1013 -0.6805  0.0058  0.7629 -0.0027]
 [ 0.0168  0.5983 -0.5182 -0.1093 -0.2197  0.7883  0.1825  0.262  -0.3836  0.2148]
 [ 0.227   0.2525  0.0197 -0.5182  0.1315  0.3093  0.64    0.7778 -0.0848 -0.0158]
 [-0.1066 -0.2706  0.1239 -0.3134  0.0886  0.0985 -0.2335  0.5656  0.524  -0.2329]
 [-0.0097  0.0501 -0.147  -0.1606 -0.0796 -0.5321  0.0921  0.0971  0.9047  0.2469]
 [ 0.3527  0.1791  0.2551  0.0323 -0.0285 -0.1617 -0.1578  0.0544 -0.3897  0.3904]]

