Resultados com 0 ruídos:
[[ 1.  0.  0.  0.  0. -0.  0.  0.  0.  0.]
 [ 0.  1.  0. -0.  0.  0.  0. -0. -0.  0.]
 [-0.  0.  1.  0.  0.  0.  0.  0.  0. -0.]
 [ 0. -0. -0.  1.  0. -0. -0.  0.  0. -0.]
 [-0.  0.  0.  0.  1.  0. -0.  0.  0. -0.]
 [ 0.  0.  0.  0. -0.  1. -0. -0.  0. -0.]
 [ 0.  0. -0.  0.  0. -0.  1. -0. -0.  0.]
 [ 0.  0.  0. -0.  0.  0.  0.  1. -0.  0.]
 [ 0.  0.  0.  0. -0. -0. -0.  0.  1. -0.]
 [-0.  0. -0. -0.  0.  0.  0. -0. -0.  1.]]

Resultados com 1 ruídos:
[[ 1.0562  0.2537 -0.3069  0.1929 -0.0483 -0.1444 -0.202   0.0466  0.1113 -0.1308]
 [ 0.0767  1.0448  0.0459  0.1407 -0.0679 -0.2284  0.2742 -0.0713 -0.3537  0.1756]
 [ 0.1974  0.3248  0.7402  0.0125 -0.0322  0.0656  0.02   -0.0613 -0.2866  0.0868]
 [-0.0452  0.0308 -0.1505  1.0739  0.1216 -0.2887  0.3316 -0.1461  0.3229 -0.3938]
 [ 0.2293 -0.1245  0.4048  0.2622  1.1099 -0.1362 -0.2783 -0.1304 -0.1612 -0.3201]
 [ 0.2588  0.0449 -0.1689 -0.1474 -0.0192  0.7488  0.0263  0.1351 -0.0948  0.4619]
 [ 0.1147  0.0011 -0.1716 -0.0609  0.0687  0.2883  0.573   0.1848  0.1598 -0.065 ]
 [ 0.0745  0.0589 -0.2247  0.3397 -0.1216  0.1498 -0.1493  0.8589  0.1588 -0.1033]
 [-0.0472 -0.0644  0.1543 -0.159  -0.0818  0.3362 -0.3254  0.1847  0.6624  0.2803]
 [ 0.0217 -0.0281  0.3434 -0.4209  0.0255  0.026   0.0493  0.1224 -0.0476  0.9705]]

Resultados com 2 ruídos:
[[ 0.8593 -0.0002 -0.0241  0.0375  0.4927 -0.1832  0.0227  0.0162  0.0281 -0.0603]
 [ 0.1446  0.9798 -0.2271  0.1461  0.2502 -0.2388 -0.1274  0.2921  0.2178 -0.1829]
 [-0.41    0.015   0.5809  0.651   0.7102  0.1267 -0.3175 -0.1471  0.5744 -0.2822]
 [ 0.2141  0.1164 -0.1643  0.8946  0.038  -0.3034 -0.1436  0.0538  0.0631  0.5108]
 [ 0.2143 -0.0815 -0.3393 -0.1254  0.9532  0.4665 -0.9163  0.3488  0.447  -0.0299]
 [ 0.4683  0.2256  0.0424  0.328   0.0523  0.8665 -0.2026 -0.1946 -0.298  -0.1876]
 [ 0.23    0.1519 -0.0261  0.0225 -0.2481  0.2584  0.2857  0.1218 -0.0668  0.0629]
 [ 0.4889  0.4897 -0.3732 -0.0314  0.0584 -0.027  -0.171   0.7376 -0.3683 -0.212 ]
 [ 0.      0.      0.      0.     -0.     -0.     -0.      0.      1.     -0.    ]
 [ 0.0235 -0.2079  0.275   0.0284 -0.0528  0.5282  0.2305 -0.2638 -0.2581  0.3901]]

Resultados com 3 ruídos:
[[ 0.2909 -0.2869 -0.1902  0.5505  0.0428 -0.2049  0.4234  0.0739 -0.2139  0.264 ]
 [ 0.3235  1.0227 -0.0535 -0.2303 -0.1038 -0.1659 -0.0281  0.3092 -0.0094 -0.0806]
 [-0.0598 -0.2203  0.9757  0.0617  0.352  -0.1405 -0.0517 -0.2888 -0.4841  0.2935]
 [-0.2585  0.1217 -0.0906  1.3713  0.2686  0.0097 -0.2037 -0.381   0.2363 -0.0364]
 [ 0.5973  0.1857 -0.0617 -0.3815  0.8112 -0.1385 -0.6032 -0.0623 -0.3414  0.1502]
 [ 0.1401  0.5986 -0.2396  0.1684  0.0796  0.5527 -0.2864  0.0508  0.0027 -0.5105]
 [-0.1495  0.1871 -0.0975 -0.1585  0.1042 -0.0143  0.5966  0.3335  0.2367 -0.2399]
 [ 0.1125 -0.0844  0.2995  0.0245  0.7341  0.0568 -0.9272  0.5904  0.4223 -0.5045]
 [-0.1528  0.2509  0.0184  0.3131  0.2954 -0.0499 -0.157  -0.0109  1.3936 -0.364 ]
 [ 0.4017  0.4109  0.2225  0.2271 -0.066  -0.2149  0.0084  0.0512 -0.5135  0.5656]]

